5.385125000000000028e+01 -1.300000000000000044e+00 3.570401000000000269e-01 2.876011000000000095e+00 2.874375999999999749e+02 4.388718999999999681e+01 3.588351999999999720e+01 1.126754999999999995e+02 2.917968000000000117e+00 1.098386999999999958e+01 1.146829999999999927e+01 1.454404000000000075e+01 8.074666000000000565e+01 1.000000000000000000e+00 1.000000000000000000e+00 1.000000000000000000e+00 1.000000000000000000e+00 9.997797999999999963e-01 9.981236999999999471e-01 1.000499000000000027e+00
5.117952999999999975e+01 -1.300000000000000044e+00 7.358595999999999471e-01 4.412727000000000288e+00 3.113688000000000216e+02 6.470108000000000459e+01 5.855752999999999986e+01 1.225709999999999980e+02 8.672744999999999482e-01 1.084768000000000043e+01 1.270302000000000042e+01 1.832937000000000083e+01 8.895797000000000310e+01 1.000000000000000000e+00 1.000000000000000000e+00 1.000000000000000000e+00 1.000000000000000000e+00 9.993600000000000261e-01 9.977669000000000121e-01 1.002421000000000006e+00
6.447849999999999682e+01 -1.300000000000000044e+00 1.039418000000000009e-01 8.449953999999999965e+00 2.717862999999999829e+02 4.152631000000000228e+01 4.279923999999999751e+01 1.031821000000000055e+02 7.513092000000000104e-01 1.104890999999999934e+01 1.226159999999999961e+01 1.525439000000000078e+01 7.985277000000000669e+01 1.000000000000000000e+00 1.000000000000000000e+00 1.000000000000000000e+00 1.000000000000000000e+00 1.000150000000000095e+00 9.978025999999999840e-01 1.002340000000000009e+00
6.151500000000000057e+01 -1.300000000000000044e+00 3.025216000000000016e-01 7.684655000000000236e+00 2.650192000000000121e+02 3.598440999999999690e+01 3.707491999999999877e+01 1.019081999999999937e+02 2.444062999999999874e+00 9.108402999999999139e+00 1.221288000000000018e+01 1.662943999999999889e+01 8.148246000000000322e+01 1.000000000000000000e+00 1.000000000000000000e+00 1.000000000000000000e+00 1.000000000000000000e+00 9.996871999999999980e-01 9.982849000000000306e-01 1.004844999999999988e+00
4.643760999999999939e+01 -1.300000000000000044e+00 5.372527000000000275e-01 4.643049999999999677e+00 2.401033999999999935e+02 4.100330999999999904e+01 4.509443999999999875e+01 1.219826999999999941e+02 6.361396000000000273e-01 7.171959000000000195e+00 1.045956999999999937e+01 1.382075999999999993e+01 8.667329999999999757e+01 1.000000000000000000e+00 1.000000000000000000e+00 1.000000000000000000e+00 1.000000000000000000e+00 9.992583999999999911e-01 9.980099999999999527e-01 1.002043000000000017e+00
4.609808000000000305e+01 -1.300000000000000044e+00 1.036281000000000008e-01 2.986492999999999842e+00 2.877246000000000095e+02 4.013430999999999926e+01 3.479419999999999646e+01 1.161573000000000064e+02 1.631148999999999960e+00 6.991882999999999626e+00 1.233657000000000004e+01 1.540642000000000067e+01 9.289855000000000018e+01 1.000000000000000000e+00 1.000000000000000000e+00 1.000000000000000000e+00 1.000000000000000000e+00 9.994769000000000014e-01 9.979883999999999977e-01 1.002782999999999980e+00
4.205411000000000143e+01 -1.300000000000000044e+00 7.384026999999999674e-01 3.116289000000000087e+00 2.636598999999999933e+02 4.469254999999999711e+01 4.263602999999999810e+01 1.167232999999999947e+02 6.257419999999999760e+00 9.954195999999999600e+00 1.242984000000000044e+01 1.668374000000000024e+01 9.442904000000000053e+01 1.000000000000000000e+00 1.000000000000000000e+00 1.000000000000000000e+00 1.000000000000000000e+00 9.990957000000000310e-01 9.978730999999999574e-01 1.001992999999999912e+00
5.493301000000000300e+01 -1.300000000000000044e+00 2.023968999999999907e-01 3.965130999999999961e+00 3.080473999999999819e+02 4.735849999999999937e+01 3.613582000000000249e+01 1.052609000000000066e+02 4.705072999999999617e+00 9.626853999999999800e+00 1.296565000000000012e+01 1.597893999999999970e+01 8.412421000000000504e+01 1.000000000000000000e+00 1.000000000000000000e+00 1.000000000000000000e+00 1.000000000000000000e+00 9.999369999999999647e-01 9.976201999999999570e-01 9.998772000000000215e-01
4.346739000000000175e+01 -1.300000000000000044e+00 7.553959000000000090e-01 4.638448000000000349e+00 2.573668000000000120e+02 5.917922999999999689e+01 4.927183999999999742e+01 1.195874000000000024e+02 1.181618999999999975e+00 9.476926999999999879e+00 1.393712999999999980e+01 2.473117999999999839e+01 1.068391000000000020e+02 1.000000000000000000e+00 1.000000000000000000e+00 1.000000000000000000e+00 1.000000000000000000e+00 9.986378000000000199e-01 9.980461000000000471e-01 9.975370999999999544e-01
4.039556999999999931e+01 -1.300000000000000044e+00 9.807323999999999486e-01 3.198976000000000042e+00 2.664755999999999858e+02 5.577302000000000248e+01 4.620349000000000217e+01 1.159334999999999951e+02 5.074197999999999986e+00 1.127726000000000006e+01 1.259584000000000081e+01 2.578933999999999926e+01 1.125806000000000040e+02 1.000000000000000000e+00 1.000000000000000000e+00 1.000000000000000000e+00 1.000000000000000000e+00 9.988038000000000194e-01 9.997549999999999493e-01 9.980174000000000545e-01
