1.001514994968542737e+03
9.525371746064985246e+02
9.053774867566592093e+02
8.708379474653605712e+02
8.479316149009232504e+02
8.338775729425690315e+02
8.259529963785527116e+02
8.229363520774934386e+02
8.233996994328086885e+02
8.259963669852718340e+02
8.317015478172908161e+02
8.386093372123011704e+02
8.465547553216739516e+02
8.545076165715126990e+02
8.643207087736880112e+02
8.758643876862997786e+02
8.879952679241522446e+02
9.014616549917222983e+02
9.146457070499742485e+02
9.282637520695606099e+02
9.423637545532534432e+02
9.565544906415798323e+02
9.711476143531544949e+02
9.862810094226055071e+02
1.001469464111572847e+03
1.017118201139125631e+03
1.033051778277169205e+03
1.049187273198373987e+03
1.065718044624983804e+03
1.082044964372689719e+03
1.098980491874776362e+03
1.115998438862422290e+03
1.133078690865918816e+03
1.150800727493187651e+03
1.168261892405144636e+03
1.185987151943892286e+03
1.204082606028372993e+03
1.222448320305176594e+03
1.241001564939412219e+03
1.259654539970822043e+03
1.278410586871974374e+03
1.297282833519591577e+03
1.316321550348354094e+03
1.335591865187968779e+03
1.355060634581887371e+03
1.374710187343054258e+03
1.394513720937117569e+03
1.414459289699123474e+03
1.434601803140742732e+03
1.454999946693030324e+03
1.475601227730249548e+03
1.496334644198419255e+03
1.517181191928631961e+03
1.538136722741538961e+03
1.559313257380115601e+03
1.580812080279208431e+03
1.602590652273940350e+03
1.624561862862757380e+03
1.646705455349218482e+03
1.669028703233864462e+03
1.691537579807899874e+03
1.714250731687378902e+03
1.737171947098971941e+03
1.760327297576075807e+03
1.783754401826845879e+03
1.807433075684415599e+03
1.831324968712954160e+03
1.855384300297271693e+03
1.879580144707030058e+03
1.903889865516489635e+03
1.928427985827757084e+03
1.953309889792098375e+03
1.978546963030380539e+03
2.004143161265063554e+03
2.030055613855317915e+03
2.056158146085482713e+03
2.082433752442828791e+03
2.108924853088528380e+03
2.135651582131521081e+03
2.162636801191541508e+03
2.189891999624281652e+03
2.217394252826050433e+03
2.245142920802122262e+03
2.273129934912883073e+03
2.301351552855998307e+03
2.329776768164747409e+03
2.358386329351117638e+03
2.387190698613361292e+03
2.416192910221442617e+03
2.445402964010586857e+03
2.474821578791099455e+03
2.504463867529889740e+03
2.534322659045364617e+03
2.564413068207628385e+03
2.594727925925542422e+03
2.625267492625513114e+03
2.656039458317986828e+03
2.687021800901001825e+03
2.718229641355246258e+03
2.749655816972708180e+03
2.781300594776111211e+03
2.813149386474447965e+03
2.845202461858309562e+03
2.877452663731804478e+03
2.909892836234240349e+03
2.942515824800851533e+03
2.975307047763196351e+03
3.008274209691473970e+03
3.041402731225819025e+03
3.074685293271029423e+03
3.108121329520719883e+03
3.141702677064269210e+03
3.175421173777109288e+03
3.209268658225997569e+03
3.243244397922428561e+03
3.277340232524406474e+03
3.311540573739047886e+03
3.345844690277500376e+03
3.380244422711130483e+03
3.414731611732686815e+03
3.449290669722089206e+03
3.483920865719454468e+03
3.518614040303919865e+03
3.553354605531520065e+03
3.588141829932991186e+03
3.622960125069886544e+03
3.657801330553194475e+03
3.692664714022621865e+03
3.727534686087067257e+03
3.762395888235183065e+03
3.797256171521790748e+03
3.832093904525778271e+03
3.866909740637345749e+03
3.901689476361565085e+03
3.936433764786840129e+03
3.971128402263709177e+03
4.005766613547288671e+03
4.040334195199850910e+03
4.074839229105583399e+03
4.109260084142550113e+03
4.143589986416957800e+03
4.177829591053794502e+03
4.211957268943785493e+03
4.245973676998773954e+03
4.279849759858640027e+03
4.313578748505222393e+03
4.347146447025721500e+03
4.380538661128271997e+03
4.413741198306832302e+03
4.446732234453522324e+03
4.479518840168306269e+03
4.512085598064320948e+03
4.544431949869390337e+03
4.576549911517995497e+03
4.608446358336478625e+03
4.640098455066582574e+03
4.671513082781986668e+03
4.702674840539579236e+03
4.733575758871055768e+03
4.764193014809525266e+03
4.794518645353909960e+03
4.824544690817292576e+03
4.854248338160235107e+03
4.883629062760463057e+03
4.912671486664430631e+03
4.941367663625170280e+03
4.969709650723469167e+03
4.997689508323761402e+03
5.025299300014791697e+03
5.052523664185217967e+03
5.079369527336192732e+03
5.105814105527565516e+03
5.131849474364523303e+03
5.157475140520503373e+03
5.182675890601406536e+03
5.207444478206969507e+03
5.231766364915463782e+03
5.255641871117669325e+03
5.279063890795890984e+03
5.302017891348799822e+03
5.324504198463496323e+03
5.346515710883934844e+03
5.368037900229363004e+03
5.389071095864201197e+03
5.409600771318249826e+03
5.429627257512363940e+03
5.449143457537164977e+03
5.468134846488607764e+03
5.486601756361607841e+03
5.504537090850656568e+03
5.521926325210743926e+03
5.538762362829331323e+03
5.555052963459520470e+03
5.570783601363919843e+03
5.585954606973910813e+03
5.600566310110590166e+03
5.614619039920033174e+03
5.628090839771974061e+03
5.640996894025494839e+03
5.653322615874074472e+03
5.665060618146905654e+03
5.676188599206428080e+03
5.686713970050248463e+03
5.696606999191665636e+03
5.705875096207376373e+03
5.714503384992354768e+03
5.722484417228547500e+03
5.729847885863427109e+03
5.736578913343573731e+03
5.742684906860896263e+03
5.748180701752525238e+03
5.753066276555574404e+03
5.757349038167174513e+03
5.761028965255659386e+03
5.764091180022986009e+03
5.766535661717925905e+03
5.768362390045895154e+03
5.769563916925694684e+03
5.770132794942041983e+03
5.770076434142252765e+03
5.769379960373757967e+03
5.768050785465692570e+03
5.766096322248362412e+03
5.763516556262224185e+03
5.760304045805111855e+03
5.756466207017291708e+03
5.752003028851287127e+03
5.746921929778542108e+03
5.741215472729828434e+03
5.734891078472004665e+03
5.727956168867540327e+03
5.720403310118143054e+03
5.712232497743750173e+03
5.703458584845195219e+03
5.694066711899602524e+03
5.684079161794375977e+03
5.673488504542075134e+03
5.662302167235079651e+03
5.650520148834841166e+03
5.638142448349864026e+03
5.625183921352694597e+03
5.611644566385289181e+03
5.597524381456978517e+03
5.582838220534816173e+03
5.567593508276478133e+03
5.551782811458836477e+03
5.535428408854996633e+03
5.518522864206058330e+03
5.501081024446379161e+03
5.483095479599523060e+03
5.464573794975058263e+03
5.445516135232126544e+03
5.425937518995668142e+03
5.405823248550393146e+03
5.385188336447069560e+03
5.364040363565727603e+03
5.342394335642040460e+03
5.320257826405318156e+03
5.297653262481440834e+03
5.274580781508453583e+03
5.251062802120434753e+03
5.227106882094846696e+03
5.202720574968498113e+03
5.177904001620052441e+03
5.152664706920921162e+03
5.127017659703466961e+03
5.100962967696307715e+03
5.074500734228593501e+03
5.047638486601542354e+03
5.020398604477043591e+03
4.992773749831078931e+03
4.964793722176799747e+03
4.936451175147934919e+03
4.907761043400902963e+03
4.878745686027586089e+03
4.849405173279628798e+03
4.819747000105566258e+03
4.789786086296443500e+03
4.759537348289323745e+03
4.729000842627244310e+03
4.698191479525871728e+03
4.667124166342361605e+03
4.635798951046372167e+03
4.604230735793186795e+03
4.572426992044159306e+03
4.540410045786227784e+03
4.508179935945470788e+03
4.475744127947575180e+03
4.443124942220781122e+03
4.410329840939528367e+03
4.377358856510059923e+03
4.344226876746116432e+03
4.310948788281908492e+03
4.277524619972746223e+03
4.243969256383972606e+03
4.210282724464072999e+03
4.176487335355654068e+03
4.142590542689134963e+03
4.108599799313158655e+03
4.074529980630796217e+03
4.040395941162524650e+03
4.006205101267054033e+03
3.971972308840672213e+03
3.937712410922853451e+03
3.903425396938044742e+03
3.869133540376328710e+03
3.834844256959577251e+03
3.800564961248317104e+03
3.766295638187853456e+03
3.732065984747119728e+03
3.697868554646473967e+03
3.663725613383812743e+03
3.629644568002138385e+03
3.595625395305562506e+03
3.561690355124233974e+03
3.527846848426720953e+03
3.494109702235649820e+03
3.460478884444640698e+03
3.426961788741083637e+03
3.393588091184487894e+03
3.360342894939400139e+03
3.327255870372284789e+03
3.294319543102735224e+03
3.261556149071013351e+03
3.228965636014133452e+03
3.196562805158544506e+03
3.164355026125419954e+03
3.132349665252387695e+03
3.100561513931457284e+03
3.068990503562733466e+03
3.037651418977148751e+03
3.006544185074776124e+03
2.975683580282916409e+03
2.945084379930488922e+03
2.914746499640119509e+03
2.884677280488914221e+03
2.854884060785275324e+03
2.825381604562709072e+03
2.796177245038706133e+03
2.767270884789129923e+03
2.738669852637180156e+03
2.710381475504642822e+03
2.682405650274998607e+03
2.654749700717912674e+03
2.627420949372243740e+03
2.600419289436910276e+03
2.573752041718895725e+03
2.547433954885586900e+03
2.521464920669652656e+03
2.495859686296230393e+03
2.470625565996215300e+03
2.445762444955449610e+03
2.421277637499068078e+03
2.397185887339549936e+03
2.373479654417576512e+03
2.350166256887481268e+03
2.327253014641900336e+03
2.304739821176300211e+03
2.282626572142420173e+03
2.260920593888989515e+03
2.239621786937968409e+03
2.218744911197406054e+03
2.198275016006647547e+03
2.178234295419255886e+03
2.158615233164885012e+03
2.139425172848002148e+03
2.120664032977236729e+03
2.102331735378539634e+03
2.084443061941462474e+03
2.066983084546537611e+03
2.049966591879609041e+03
2.033386090976365267e+03
2.017248948954451862e+03
2.001547679578676480e+03
1.986289656614428850e+03
1.971482257066818420e+03
1.957110576057865501e+03
1.943189425195688273e+03
1.929718762381216720e+03
1.916691120058761953e+03
1.904113890160613437e+03
1.891987038945101176e+03
1.880303106881868871e+03
1.869062065235605360e+03
1.858271315948758684e+03
1.847930834824735030e+03
1.838025743063821665e+03
1.828563448904545339e+03
1.819543934118125890e+03
1.810967182260875688e+03
1.802818321883832596e+03
1.795112196553586045e+03
1.787833937979888560e+03
1.780983536058087111e+03
1.774560982121751977e+03
1.768558840558548127e+03
1.762984533840747872e+03
1.757830629118161823e+03
1.753097123277371793e+03
1.748784002728789119e+03
1.744883779436659779e+03
1.741396383330583603e+03
1.738321745909012634e+03
1.735644943620902723e+03
1.733365911362775705e+03
1.731484585887615822e+03
1.729993477576616897e+03
1.728877670572940815e+03
1.728151964677522983e+03
1.727786592000858718e+03
1.727796357328849126e+03
1.728173783140705609e+03
1.728911394835821966e+03
1.729994292564218995e+03
1.731437293161607158e+03
1.733218075182567418e+03
1.735344034238326685e+03
1.737800284729090663e+03
1.740594230126634557e+03
1.743710993049375929e+03
1.747143128833915853e+03
1.750898054048330096e+03
1.754960904895037856e+03
1.759324250755638786e+03
1.763988094323181713e+03
1.768930158320662031e+03
1.774165312408642421e+03
1.779663861423244498e+03
1.785425828953620339e+03
1.791451243999387543e+03
1.797725284311378573e+03
1.804255418166459776e+03
1.811019405921275165e+03
1.818024726801458200e+03
1.825264008768946496e+03
1.832729885172973354e+03
1.840414994682407951e+03
1.848319409550551427e+03
1.856428350461595073e+03
1.864734471461850262e+03
1.873223003123737954e+03
1.881894037445887989e+03
1.890732814287322981e+03
1.899732006240295277e+03
1.908884290090212289e+03
1.918182346615147253e+03
1.927633717076527319e+03
1.937223661250150826e+03
1.946944870602984793e+03
1.956797463833039728e+03
1.966781545593652254e+03
1.976874933901011218e+03
1.987077734231661225e+03
1.997375197537453914e+03
2.007760005065143105e+03
2.018224839779087006e+03
2.028754957789469927e+03
2.039335616487901916e+03
2.049981787741921835e+03
2.060663874195352491e+03
2.071404277634862410e+03
2.082173401911242308e+03
2.092993649680021008e+03
2.103835425348215267e+03
2.114713703491595425e+03
2.125613745230495169e+03
2.136520811523803332e+03
2.147435019777385151e+03
2.158341630366045592e+03
2.169225903272012602e+03
2.180087954738277404e+03
2.190913043834989367e+03
2.201701285841980280e+03
2.212445367193108268e+03
2.223145402184732120e+03
2.233786647945027198e+03
2.244376646216482641e+03
2.254915509996311812e+03
2.265381066886440294e+03
2.275788285953879040e+03
2.286107565942979818e+03
2.296346447198514852e+03
2.306490184937963932e+03
2.316524034379113345e+03
2.326455535868795778e+03
2.336269944859091083e+03
2.345959945384297953e+03
2.355533078484029375e+03
2.364974600520270087e+03
2.374284624991065812e+03
2.383463265885282453e+03
2.392510637729462360e+03
2.401419427274849568e+03
2.410182321874272930e+03
2.418799437847384070e+03
2.427256035432389581e+03
2.435552232176232792e+03
2.443680717859084780e+03
2.451634182805355977e+03
2.459405322058560159e+03
2.466994276349259962e+03
2.474393762623013117e+03
2.481603926411988596e+03
2.488632341719915985e+03
2.495464297491115758e+03
2.502107367567521123e+03
2.508554268778969345e+03
2.514797717471909891e+03
2.520852714375800133e+03
2.526697117605081985e+03
2.532345925954969516e+03
2.537784423532893015e+03
2.543012749635277032e+03
2.548031041815156641e+03
2.552839435644453715e+03
2.557430636121549924e+03
2.561797345776332349e+03
2.565947121123923807e+03
2.569865230666576736e+03
2.573559224749729765e+03
2.577021793568209432e+03
2.580245623628559315e+03
2.583245682567433505e+03
2.586007220474720725e+03
2.588545196478995877e+03
2.590852280089097349e+03
2.592928564399554944e+03
2.594774137556990354e+03
2.596396510940305689e+03
2.597780905603836800e+03
2.598942250588323077e+03
2.599873184344149649e+03
2.600566339673478069e+03
2.601036628689232202e+03
2.601269244288787377e+03
2.601279086898834976e+03
2.601058765983995272e+03
2.600615741775894094e+03
2.599935183517004134e+03
2.599039396274706633e+03
2.597920965817627803e+03
2.596572472061184271e+03
2.595008774178175827e+03
2.593229868921869638e+03
2.591228319064193784e+03
2.589011538547043983e+03
2.586579507543636737e+03
2.583932200931240004e+03
2.581069588422823927e+03
2.578006497101175682e+03
2.574728058545739714e+03
2.571249118703659406e+03
2.567577090599540952e+03
2.563704526142736086e+03
2.559631401336638646e+03
2.555379973137388788e+03
2.550935352808362950e+03
2.546304932875642407e+03
2.541488673876171561e+03
2.536501389552159708e+03
2.531328176886564961e+03
2.525983843034350230e+03
2.520475763691773409e+03
2.514789026506827668e+03
2.508938429631540657e+03
2.502931340060212278e+03
2.496760265357019307e+03
2.490432567122798901e+03
2.483948175997675207e+03
2.477314448402343714e+03
2.470538738215926060e+03
2.463620968441197874e+03
2.456561059557872795e+03
2.449381214564229595e+03
2.442066492154254775e+03
2.434639090188085447e+03
2.427091490497144605e+03
2.419431028933214748e+03
2.411665038606555754e+03
2.403800849816494065e+03
2.395838361624757908e+03
2.387777470123408875e+03
2.379632925048257675e+03
2.371404616287243243e+03
2.363092430488020000e+03
2.354703679314280635e+03
2.346253099352134996e+03
2.337725710266844999e+03
2.329143669865982247e+03
2.320506847212564026e+03
2.311815107596429243e+03
2.303075740811855667e+03
2.294288604392349043e+03
2.285468408605750483e+03
2.276615003007719224e+03
2.267728233107853157e+03
2.258815368697586109e+03
2.249883675490447331e+03
2.240932986775896097e+03
2.231977989224122666e+03
2.223003655024856926e+03
2.214039523230596387e+03
2.205070558881261150e+03
2.196104008235386573e+03
2.187154542164122176e+03
2.178214542860191159e+03
2.169298674064608349e+03
2.160414167805828129e+03
2.151545967853873663e+03
2.142723585041151182e+03
2.133931957241280543e+03
2.125178304715683225e+03
2.116484701969309299e+03
2.107828651165309111e+03
2.099239650904628888e+03
2.090710056257913493e+03
2.082247077459565389e+03
2.073850495105486516e+03
2.065527517106999767e+03
2.057292778947894476e+03
2.049138630542802275e+03
2.041064849898553348e+03
2.033086071724457952e+03
2.025202074289679331e+03
2.017420064729419664e+03
2.009732394245387923e+03
2.002161128453092033e+03
1.994691192468776990e+03
1.987337226293147523e+03
1.980099014932588489e+03
1.972976345312663625e+03
1.965983863181025299e+03
1.959113931547175753e+03
1.952373772612670791e+03
1.945770611236895093e+03
1.939304246739956852e+03
1.932974481392563348e+03
1.926788548892124254e+03
1.920746257774190099e+03
1.914854848210940872e+03
1.909106707044556288e+03
1.903523937959167597e+03
1.898084078035439916e+03
1.892809237997692662e+03
1.887699247093323720e+03
1.882746509813148805e+03
1.877958290950834680e+03
1.873334430550491788e+03
1.868889628946252515e+03
1.864608874788556932e+03
1.860499437911150835e+03
1.856568589803900977e+03
1.852816177075696487e+03
1.849249478111274584e+03
1.845853489623332052e+03
1.842642925055326486e+03
1.839617644430111795e+03
1.836777511000803770e+03
1.834122391202504105e+03
1.831652154606468230e+03
1.829374102228041920e+03
1.827280681438112651e+03
1.825379199331801146e+03
1.823669537651774363e+03
1.822144152769505126e+03
1.820810360725231703e+03
1.819675480525266948e+03
1.818724549098238185e+03
1.817972319763468931e+03
1.817411263805897534e+03
1.817041283914043333e+03
1.816862285877195291e+03
1.816874178643390678e+03
1.817084302738139968e+03
1.817485145292499055e+03
1.818076625182744465e+03
1.818851236428545462e+03
1.819823761701928106e+03
1.820986702342490617e+03
1.822332563532980430e+03
1.823861282781759655e+03
1.825580230061618522e+03
1.827489351253797395e+03
1.829573739947050399e+03
1.831840779342001497e+03
1.834290429005994838e+03
1.836922653380873044e+03
1.839737421941068078e+03
1.842727281000874427e+03
1.845892210570762927e+03
1.849232196160096919e+03
1.852747228926110211e+03
1.856429877467531924e+03
1.860287573013015617e+03
1.864298039450069382e+03
1.868483576949721737e+03
1.872821921876465922e+03
1.877327958743837144e+03
1.881986865154032785e+03
1.886798678261026453e+03
1.891755998631922239e+03
1.896866286508191706e+03
1.902129580514818372e+03
1.907523640987260023e+03
1.913070805136970421e+03
1.918748846847283403e+03
1.924557831810048128e+03
1.930505260795006961e+03
1.936576356204275271e+03
1.942771203764858910e+03
1.949097324105762937e+03
1.955532530920582758e+03
1.962084357670313466e+03
1.968752915720448527e+03
1.975523465867275945e+03
1.982396131604354423e+03
1.989371042277227843e+03
1.996440904578991876e+03
2.003605859088143688e+03
2.010858623397938118e+03
2.018199348640269363e+03
2.025628190953373860e+03
2.033137882945181218e+03
2.040728590204146030e+03
2.048393054406913052e+03
2.056131449825900290e+03
2.063943954786124777e+03
2.071808466422599849e+03
2.079740027292557897e+03
2.087731398386757974e+03
2.095767915647318205e+03
2.103857203190973451e+03
2.111992031385834707e+03
2.120157745036171491e+03
2.128369404975411271e+03
2.136604932763480974e+03
2.144871965697018368e+03
2.153163286574649192e+03
2.161471680273456059e+03
2.169789933634392128e+03
2.178118263707574897e+03
2.186456889306783523e+03
2.194791174223402777e+03
2.203121340551454523e+03
2.211440183570268346e+03
2.219747928387503180e+03
2.228037373189893515e+03
2.236308745903268573e+03
2.244554847459294251e+03
2.252768477116521353e+03
2.260942423430465169e+03
2.269084329951355357e+03
2.277186984818149995e+03
2.285243177454529359e+03
2.293245698567588079e+03
2.301209625199546281e+03
2.309120322278294680e+03
2.316978012721568575e+03
2.324775492388290786e+03
2.332512986779618132e+03
2.340183294336489325e+03
2.347786643134739279e+03
2.355308405824619513e+03
2.362748813016845361e+03
2.370108096561088587e+03
2.377371632817617410e+03
2.384547084373115467e+03
2.391612401545239663e+03
2.398582677482322197e+03
2.405443292949186343e+03
2.412187058006602456e+03
2.418821640279529220e+03
2.425332423113331515e+03
2.431719647221775631e+03
2.437990982222687762e+03
2.444139241462240079e+03
2.450164666929932537e+03
2.456067500761921110e+03
2.461840556733934136e+03
2.467491505145098927e+03
2.473005730890101404e+03
2.478390903374906429e+03
2.483632406220872781e+03
2.488730478813653917e+03
2.493670502692581977e+03
2.498460143085830623e+03
2.503092206937422361e+03
2.507552071030957904e+03
2.511854823510506321e+03
2.515985836845343329e+03
2.519952766046546458e+03
2.523748406679686923e+03
2.527372979679650143e+03
2.530819274415359814e+03
2.534094933507920359e+03
2.537200167550453898e+03
2.540127754882862973e+03
2.542885326422497201e+03
2.545465652049153960e+03
2.547868932166481954e+03
2.550102817655817034e+03
2.552152676131590852e+03
2.554026155143950291e+03
2.555708611906085480e+03
2.557192826534690539e+03
2.558479001900594085e+03
2.559567335140755404e+03
2.560450589182258227e+03
2.561128949329332045e+03
2.561602594812124607e+03
2.561886555398835299e+03
2.561973569568751827e+03
2.561871226200400088e+03
2.561587107820418623e+03
2.561121362214952114e+03
2.560466702403268755e+03
2.559623263323489937e+03
2.558583745128487863e+03
2.557340841543189526e+03
2.555887239881721143e+03
2.554223049424253077e+03
2.552340944751867937e+03
2.550248450840710120e+03
2.547953086412147059e+03
2.545454935639637824e+03
2.542761504911958582e+03
2.539872866200195858e+03
2.536803942179868045e+03
2.533554792904315946e+03
2.530125472581717077e+03
2.526508601302620264e+03
2.522696793468387114e+03
2.518697514569458690e+03
2.514495939510646167e+03
2.510084666086677771e+03
2.505471143404260147e+03
2.500662815249990672e+03
2.495644835103969854e+03
2.490446921351804122e+03
2.485061645486474845e+03
2.479496430609127856e+03
2.473751266421397304e+03
2.467848422663204929e+03
2.461765593990790421e+03
2.455517611853062590e+03
2.449089589356167835e+03
2.442488919725267806e+03
2.435708134556585719e+03
2.428739760514583850e+03
2.421598606058488258e+03
2.414277196381399790e+03
2.406782910083426941e+03
2.399115692408401628e+03
2.391297768612901109e+03
2.383314217127858683e+03
2.375187253020830212e+03
2.366916801150525316e+03
2.358502781171513561e+03
2.349945107486300003e+03
2.341251117546475143e+03
2.332413286752451313e+03
2.323446370155528712e+03
2.314342832308311699e+03
2.305102560619513042e+03
2.295740293660645875e+03
2.286241051024385797e+03
2.276612131740329460e+03
2.266860829193144582e+03
2.256979574396542375e+03
2.246975649375006014e+03
2.236856330450881615e+03
2.226614031538937070e+03
2.216263445900661281e+03
2.205804404404545494e+03
2.195244160597271730e+03
2.184582534032933836e+03
2.173841623713343779e+03
2.163006381335175774e+03
2.152091466501362902e+03
2.141089248338627385e+03
2.130014375678420492e+03
2.118859207045006315e+03
2.107623524156100757e+03
2.096314532032401075e+03
2.084932002416285741e+03
2.073475702250653740e+03
2.061960250517048735e+03
2.050370548280417552e+03
2.038728633995798873e+03
2.027026828518176671e+03
2.015272305373197923e+03
2.003464805882157407e+03
1.991618924394368378e+03
1.979719538372496572e+03
1.967788663736174385e+03
1.955818599904932853e+03
1.943816500097961580e+03
1.931789514834225429e+03
1.919737363784433910e+03
1.907659767862619447e+03
1.895571316744577189e+03
1.883471745054785970e+03
1.871360785730009638e+03
1.859245598568935520e+03
1.847125913728439855e+03
1.835016316967875582e+03
1.822909108087547338e+03
1.810811442865342087e+03
1.798723048186510823e+03
1.786651078919428528e+03
1.774602689734917249e+03
1.762577606919557638e+03
1.750575556883208492e+03
1.738596266309742532e+03
1.726654319001600925e+03
1.714742014265796115e+03
1.702859080445313339e+03
1.691020103392925876e+03
1.679224813186983965e+03
1.667465512591802280e+03
1.655756790562320475e+03
1.644105808940515999e+03
1.632497445846344590e+03
1.620953722565533326e+03
1.609466948477838287e+03
1.598044291234176399e+03
1.586692920127316938e+03
1.575412577808850529e+03
1.564203008703186242e+03
1.553063959068338818e+03
1.542010033754790129e+03
1.531033554510720478e+03
1.520141701788404589e+03
1.509334229747829568e+03
1.498610894661079328e+03
1.487978883317023019e+03
1.477437956376082639e+03
1.466995305127336678e+03
1.456643266496193974e+03
1.446396464856337616e+03
1.436247241991620058e+03
1.426202798913795959e+03
1.416262910881690459e+03
1.406434784175364030e+03
1.396710771123035556e+03
1.387105511934236119e+03
1.377611364684599039e+03
1.368228118807671081e+03
1.358970423540542015e+03
1.349830641216858339e+03
1.340808545605212430e+03
1.331911337185264529e+03
1.323131363266008066e+03
1.314483259854444896e+03
1.305959381675394297e+03
1.297566944047639254e+03
1.289298309611080413e+03
1.281160701858769471e+03
1.273161348569902202e+03
1.265292625244822830e+03
1.257561768643053483e+03
1.249968591870584987e+03
1.242512912868640797e+03
1.235194554552108912e+03
1.228013344947315773e+03
1.220976545678808634e+03
1.214076567053306462e+03
1.207320681592974097e+03
1.200708739113932324e+03
1.194233166851922988e+03
1.187901254634553425e+03
1.181712869947323725e+03
1.175675314745650667e+03
1.169773612159630829e+03
1.164015076695069865e+03
1.158407029275573223e+03
1.152941940627799795e+03
1.147619716410503543e+03
1.142447697285034110e+03
1.137418373927016773e+03
1.132531672131226060e+03
1.127787524506961745e+03
1.123193298865291581e+03
1.118741513196575852e+03
1.114432120740728578e+03
1.110272509997994803e+03
1.106255219680295568e+03
1.102380223755515090e+03
1.098647503082395360e+03
1.095057045387495009e+03
1.091616273584479359e+03
1.088310332334536724e+03
1.085154086452267620e+03
1.082132694050927057e+03
1.079253604934934856e+03
1.076516847133602141e+03
1.073922455180546649e+03
1.071463041687548866e+03
1.069146082314862724e+03
1.066956771745683454e+03
1.064910015480480979e+03
1.062991009513675635e+03
1.061207240882034739e+03
1.059543917468176460e+03
1.058015966356061426e+03
1.056608606932003113e+03
1.055329349239221301e+03
1.054178280479934301e+03
1.053140636568971559e+03
1.052231372140353869e+03
1.051435733652012686e+03
1.050753829396039691e+03
1.050200629409813473e+03
1.049753966938067151e+03
1.049428821852171723e+03
1.049225322118359827e+03
1.049128743721076944e+03
1.049146652341097706e+03
1.049279189885000505e+03
1.049519074419296203e+03
1.049866456808706516e+03
1.050306635606800000e+03
1.050854627102385393e+03
1.051488310115529202e+03
1.052222709451514447e+03
1.053043140703017116e+03
1.053949780308738127e+03
1.054957665512943549e+03
1.056044695875332536e+03
1.057225916736862473e+03
1.058486664032150884e+03
1.059841991057029645e+03
1.061277241632574032e+03
1.062800048522899942e+03
1.064395763299268992e+03
1.066057169705778051e+03
1.067799340323156230e+03
1.069607638078447053e+03
1.071474857955349080e+03
1.073408655300754390e+03
1.075401832376786615e+03
1.077447195010648102e+03
1.079559837590616553e+03
1.081725144555054385e+03
1.083943360429806944e+03
1.086214733058421416e+03
1.088539513527377267e+03
1.090910527735322376e+03
1.093328033007091790e+03
1.095784858526391645e+03
1.098281253614849447e+03
1.100817467598975099e+03
1.103393752472589540e+03
1.105995506078129210e+03
1.108630413733304295e+03
1.111291306348940680e+03
1.113978445342641635e+03
1.116684665795199408e+03
1.119417661352476671e+03
1.122170270670016862e+03
1.124942762304202915e+03
1.127727977847286866e+03
1.130526188458937895e+03
1.133330237992710181e+03
1.136147827870124956e+03
1.138964375149587113e+03
1.141795010795631470e+03
1.144617724342004294e+03
1.147447647207866794e+03
1.150270197358157475e+03
1.153093077567412820e+03
1.155901705130354685e+03
1.158703781776039932e+03
1.161492151730382375e+03
1.164274514932582406e+03
1.167036285101499288e+03
1.169785159657477834e+03
1.172506549444378379e+03
1.175215577008533046e+03
1.177897649628072941e+03
1.180553029250296959e+03
1.183181975631966225e+03
1.185784746185375752e+03
1.188354167479768194e+03
1.190890491799361371e+03
1.193393968656728930e+03
1.195857416312470605e+03
1.198281078352074246e+03
1.200665195218573672e+03
1.203010004102063021e+03
1.205308310485582069e+03
1.207560344748348825e+03
1.209766333724765673e+03
1.211926500620089428e+03
1.214033636582106283e+03
1.216095385679880792e+03
1.218104531436585376e+03
1.220053853469408750e+03
1.221958412484993232e+03
1.223796125689720839e+03
1.225582057034395575e+03
1.227301555232528926e+03
1.228969678262003526e+03
1.230571766528811850e+03
1.232108012937298554e+03
1.233586034511232583e+03
1.234991158966267221e+03
1.236338423136860911e+03
1.237613146150719103e+03
1.238822927857836248e+03
1.239960507056973029e+03
1.241033474874411240e+03
1.242034561340363553e+03
1.242963920416414339e+03
1.243821701620909835e+03
1.244608050003232165e+03
1.245323106116428335e+03
1.245959577637684788e+03
1.246517596037442445e+03
1.247004716545714473e+03
1.247413633065210206e+03
1.247744463183420976e+03
1.248004748131340648e+03
1.248179739338554782e+03
1.248269540137958074e+03
1.248289105716658923e+03
1.248231101313161162e+03
1.248088187214214486e+03
1.247875303749498244e+03
1.247577672781849742e+03
1.247202796099280476e+03
1.246750741952806266e+03
1.246214144994142771e+03
1.245600491263355934e+03
1.244909833074573953e+03
1.244134788952389499e+03
1.243282828619354632e+03
1.242353987882732099e+03
1.241333440222932950e+03
1.240243495185572328e+03
1.239069314821339276e+03
1.237818340432870400e+03
1.236483150771317923e+03
1.235071175388545953e+03
1.233582409541380457e+03
1.232016842501075871e+03
1.230367029166889552e+03
1.228640375085642745e+03
1.226836851375120204e+03
1.224956425354975181e+03
1.222999067435022880e+03
1.220972172554982762e+03
1.218860844481110234e+03
1.216679894263084179e+03
1.214421841794219745e+03
1.212094057581631660e+03
1.209696477721433666e+03
1.207229032282016760e+03
1.204691645344164272e+03
1.202084235048212577e+03
1.199414141998437344e+03
1.196673844273298528e+03
1.193870670894131990e+03
1.191004516848608318e+03
1.188067843171219238e+03
1.185067962080535835e+03
1.182004752020692422e+03
1.178885514459517708e+03
1.175702688940466714e+03
1.172463566590972960e+03
1.169168005183323430e+03
1.165815857600386380e+03
1.162406971954516166e+03
1.158941191709433269e+03
1.155425784154878102e+03
1.151860583832586371e+03
1.148237992664366629e+03
1.144572693482329441e+03
1.140857080057313397e+03
1.137090970630066749e+03
1.133281608041249910e+03
1.129428803160346888e+03
1.125532363364339972e+03
1.121592092664768188e+03
1.117607791833073179e+03
1.113586686874157067e+03
1.109528572446858789e+03
1.105433240332582727e+03
1.101293051200603713e+03
1.097130076471848042e+03
1.092929243275997123e+03
1.088697761359531114e+03
1.084442838137633771e+03
1.080156822092910261e+03
1.075839487921898808e+03
1.071498036627412603e+03
1.067139667257267547e+03
1.062756720289495206e+03
1.058348962765675878e+03
1.053923590236418022e+03
1.049480375735299504e+03
1.045019092605820333e+03
1.040546941057794811e+03
1.036056263186585738e+03
1.031554256442370615e+03
1.027040688646248327e+03
1.022522754756522659e+03
1.018000220233249252e+03
1.013465421102905793e+03
1.008925549073785760e+03
1.004387794900479662e+03
9.998444917490512580e+02
9.953028286647656842e+02
9.907699939397101616e+02
9.862308901319000825e+02
9.817001325889368673e+02
9.771774794207738069e+02
9.726626882771238343e+02
9.681480880770208159e+02
9.636557208430187984e+02
9.591630582849913935e+02
9.546921420929539863e+02
9.502278721778131967e+02
9.457848619209023582e+02
9.413554398233848133e+02
9.369467913625705933e+02
9.325586740501535132e+02
9.281982742455913922e+02
9.238579222220658949e+02
9.195373773376709323e+02
9.152438281594434102e+02
9.109844642405657851e+02
9.067441912002843765e+02
9.025376293093080449e+02
8.983571151744188228e+02
8.942098436284949230e+02
8.900955828206274418e+02
8.860141027089781574e+02
8.819651752047641367e+02
8.779560026674732853e+02
8.739863613499162511e+02
8.700486015439355469e+02
8.661499327766055103e+02
8.622901389042290248e+02
8.584764349564513850e+02
8.547011822275482018e+02
8.509716018174540295e+02
8.472800613683556321e+02
8.436412169506781993e+02
8.400400133890727830e+02
8.364836787807729479e+02
8.329794436298645905e+02
8.295196856199556805e+02
8.261116431299087708e+02
8.227551302928269479e+02
8.194499654507719697e+02
8.161959712537246787e+02
8.129855464025780520e+02
8.098408074877413583e+02
8.067393055679615372e+02
8.036957380982589711e+02
8.007099505471616112e+02
7.977743648096994775e+02
7.948962643146692244e+02
7.920680806739560467e+02
7.893045354779883382e+02
7.865980702324358163e+02
7.839485597915444259e+02
7.813558840345315275e+02
7.788199278867489284e+02
7.763480096858449997e+02
7.739325961419376654e+02
7.715728445595545963e+02
7.692760885094976402e+02
7.670400097859775315e+02
7.648645237610101049e+02
7.627495508699498714e+02
7.606950165990716641e+02
7.587015943055215530e+02
7.567692195299067635e+02
7.548978328120479091e+02
7.530873796701631591e+02
7.513378105788737003e+02
7.496498237814104186e+02
7.480226367612409604e+02
7.464569575587190684e+02
7.449520134076955173e+02
7.435077792177564788e+02
7.421257203871321053e+02
7.408043357714001331e+02
7.395436146736728915e+02
7.383435511559658835e+02
7.372048868571774847e+02
7.361253968025923768e+02
7.351065749055044307e+02
7.341469484402268790e+02
7.332472778773783375e+02
7.324060998657145092e+02
7.316234414010828004e+02
7.308993321668228873e+02
7.302330557405623495e+02
7.296238983835771705e+02
7.290711510262183310e+02
7.285763377744804075e+02
7.281365303972892207e+02
7.277525195150742547e+02
7.274236147584236960e+02
7.271491304422205530e+02
7.269276427346699165e+02
7.267599610011094455e+02
7.266446707969113277e+02
7.265811052096469211e+02
7.265686020248033401e+02
7.266065037248690714e+02
7.266941574864197264e+02
7.268309151748738941e+02
7.270161333365837208e+02
7.272491731879442796e+02
7.275286577661803449e+02
7.278547004166422312e+02
7.282266762660782433e+02
7.286424793618256217e+02
7.291022368167731429e+02
7.296045945994856083e+02
7.301489459997412723e+02
7.307346887490240306e+02
7.313604821359272137e+02
7.320249897864169952e+02
7.327283652738502724e+02
7.334692807135311341e+02
7.342456695270636828e+02
7.350584405414987259e+02
7.359055352278991222e+02
7.367856417900576389e+02
7.376989379080557683e+02
7.386433764667613104e+02
7.396191424648613975e+02
7.406241958990593730e+02
7.416572429942183362e+02
7.427184789243760861e+02
7.438058735198393379e+02
7.449188853210515617e+02
7.460554901140814081e+02
7.472158949785134610e+02
7.483980811475898918e+02
7.496015180515141765e+02
7.508241918437828417e+02
7.520663194413721158e+02
7.533258913786545463e+02
7.546023845419815643e+02
7.558945296158365181e+02
7.572032861982570466e+02
7.585199586082608221e+02
7.598551663164982983e+02
7.612017020598618728e+02
7.625597880997046332e+02
7.639296477407719976e+02
7.653040768522331518e+02
7.666833004418307382e+02
7.680675441818857507e+02
7.694644626386277650e+02
7.708594257532918164e+02
7.722600888288935721e+02
7.736666790178187512e+02
7.750645668635863785e+02
7.764688362978589566e+02
7.778722860877514904e+02
7.792677147892071616e+02
7.806702057039298097e+02
7.820576999870856980e+02
7.834452800629586591e+02
7.848257427394663637e+02
7.861993125289202453e+02
7.875587848703893314e+02
7.889118111062505250e+02
7.902586133599966161e+02
7.915919844673453554e+02
7.929121446101803485e+02
7.942118845515952898e+02
7.955062789742891027e+02
7.967806879678139467e+02
7.980353270704076749e+02
7.992704105099011258e+02
8.004935794961739930e+02
8.016976171131477713e+02
8.028753049622949902e+02
8.040342798061586791e+02
8.051673201101260702e+02
8.062820593857187532e+02
8.073712727311649360e+02
8.084351618227910876e+02
8.094813548545319009e+02
8.104951930751309419e+02
8.114768724761153180e+02
8.124340153766611365e+02
8.133668136564758697e+02
8.142606003371109864e+02
8.151304196131293338e+02
8.159615999778385458e+02
8.167691818780851918e+02
8.175384936171340087e+02
8.182771469472955914e+02
8.189853226619837869e+02
8.196557705140224925e+02
8.202886658327954592e+02
8.208841810891274235e+02
8.214499141593004197e+02
8.219711748366340771e+02
8.224629831948341234e+02
8.229106426968211281e+02
8.233217385567803603e+02
8.236889958989296474e+02
8.240199930685222398e+02
8.243074481411098304e+02
8.245589322343489584e+02
8.247671560186448687e+02
8.249396830309278812e+02
8.250692161878624802e+02
8.251558827525367406e+02
8.251998059021816516e+02
8.252011046484599319e+02
8.251673221106149185e+02
8.250837120402505889e+02
8.249578088517650940e+02
8.247897141536897152e+02
8.245720966846688498e+02
8.243124773040584614e+02
8.240109438850944343e+02
8.236675796133157519e+02
8.232750345889076016e+02
8.228408108346054632e+02
8.223575488565295473e+02
8.218327410117954059e+02
8.212590180789700298e+02
8.206438626354230337e+02
8.199798956375909711e+02
8.192671614579043080e+02
8.185131278758472035e+02
8.177178293733506962e+02
8.168738671354392409e+02
8.159812657560368052e+02
8.150400448975591416e+02
8.140576476554006149e+02
8.130266555256564516e+02
8.119470734784003980e+02
8.108263299840700711e+02
8.096569919927532055e+02
8.084390500183968697e+02
8.071799181754557821e+02
8.058795793374725918e+02
8.045305906378264353e+02
8.031329347564837917e+02
8.016940181474003566e+02
8.002138143868148745e+02
7.986922925739424954e+02
7.971294173828017620e+02
7.955177207649227284e+02
7.938645870539352245e+02
7.921699679692992504e+02
7.904338110214438302e+02
7.886560595668469205e+02
7.868366528631007668e+02
7.849755261237712602e+02
7.830726105728755329e+02
7.811352618490710711e+02
7.791559750081650009e+02
7.771420979765733819e+02
7.750861182018791169e+02
7.729879477541561528e+02
7.708623517257502726e+02
7.686943781782254064e+02
7.664839282912060980e+02
7.642457564086174671e+02
7.619648999823413078e+02
7.596561064183327971e+02
7.573118346680031436e+02
7.549319686714488853e+02
7.525238173988699373e+02
7.500798298405409241e+02
7.476073084479577346e+02
7.450986957725523325e+02
7.425612879061244485e+02
7.400023778196550666e+02
7.374069703519222685e+02
7.347897807008479276e+02
7.321358076615105119e+02
7.294597604687629655e+02
7.267614887371472605e+02
7.240296966784205779e+02
7.212753707212597192e+02
7.184968663100319191e+02
7.156947646517884323e+02
7.128689014243836937e+02
7.100205953316625482e+02
7.071504196505510436e+02
7.042596879554731686e+02
7.013482256699819573e+02
6.984173414660244816e+02
6.954675988206024613e+02
6.924995600904472894e+02
6.895152757749609691e+02
6.865138240502470808e+02
6.834965095118067211e+02
6.804646347451030124e+02
6.774180147340183566e+02
6.743572054472925856e+02
6.712835039227094285e+02
6.681974626840043356e+02
6.650996326655523490e+02
6.619905633046478215e+02
6.588730311413710297e+02
6.557460972355714830e+02
6.526117927815334951e+02
6.494714050343933422e+02
6.463247345785955531e+02
6.431730667732350639e+02
6.400176861888177200e+02
6.368583910453926364e+02
6.336964646619935593e+02
6.305324470618497799e+02
6.273668779184195046e+02
6.242002966668901536e+02
6.210339854509675206e+02
6.178684835646226929e+02
6.147050732337362433e+02
6.115435512221876024e+02
6.083852002824602323e+02
6.052313035952159908e+02
6.020816592077690075e+02
5.989375514814028065e+02
5.957987798569765800e+02
5.926673731340537188e+02
5.895431325628759396e+02
5.864266032845335985e+02
5.833190744288301630e+02
5.802196078696991890e+02
5.771309809984425101e+02
5.740530012989562465e+02
5.709862206106209896e+02
5.679311923782742042e+02
5.648899574044280598e+02
5.618615869184066014e+02
5.588481253329229048e+02
5.558486476373290088e+02
5.528652021483413819e+02
5.498983535675056373e+02
5.469471830459348212e+02
5.440137452563665192e+02
5.410978686071258608e+02
5.382001261623158825e+02
5.353210914315726541e+02
5.324620826854630877e+02
5.296221921406522597e+02
5.268027430166874865e+02
5.240043182403743458e+02
5.212275033232527903e+02
5.184728864021648178e+02
5.157410582780825052e+02
5.130318696183172733e+02
5.103459166623654824e+02
5.076845412564094318e+02
5.050468595465797534e+02
5.024349618565013884e+02
4.998479700386174045e+02
4.972872373501853076e+02
4.947518914733795441e+02
4.922432915552582244e+02
4.897620568971643706e+02
4.873073241490026817e+02
4.848812043485964409e+02
4.824820974356688339e+02
4.801113777963598181e+02
4.777696801175479777e+02
4.754568994165169897e+02
4.731729339059103836e+02
4.709191706940135873e+02
4.686955144752068350e+02
4.665026160659258494e+02
4.643396439307975356e+02
4.622079983892858195e+02
4.601075974723628406e+02
4.580383626245893538e+02
4.560002187363218695e+02
4.539930941760262613e+02
4.520184064926697260e+02
4.500753482728722474e+02
4.481638585131177024e+02
4.462846226515878811e+02
4.444375869295475354e+02
4.426227012572817330e+02
4.408406620793707020e+02
4.390906838990667325e+02
4.373734706468991931e+02
4.356889872030103561e+02
4.340364594233209345e+02
4.324173455043956551e+02
4.308308789965072947e+02
4.292762973302203591e+02
4.277558131761450682e+02
4.262671846902023276e+02
4.248111396129724540e+02
4.233876653741950236e+02
4.219967533607319865e+02
4.206383989248281523e+02
4.193118585546903887e+02
4.180178783823996014e+02
4.167557228437851222e+02
4.155254031805226873e+02
4.143269345991067212e+02
4.131603362617555604e+02
4.120256312741746001e+02
4.109221038351125799e+02
4.098497848877847787e+02
4.088087092630009352e+02
4.077989156540987778e+02
4.068197037536465359e+02
4.058711198920436800e+02
4.049524713328854091e+02
4.040638119053458013e+02
4.032051991284710084e+02
4.023759513325391026e+02
4.015761332826509715e+02
4.008050704594831473e+02
4.000628346775149566e+02
3.993495011956793519e+02
3.986636629906220151e+02
3.980061448729092035e+02
3.973762892509107587e+02
3.967734417379376737e+02
3.961976939225979208e+02
3.956483976324857963e+02
3.951249077015261832e+02
3.946280675710950163e+02
3.941564950448913009e+02
3.937095535581350418e+02
3.932880949409635036e+02
3.928907451711243084e+02
3.925176184765327889e+02
3.921680887574098620e+02
3.918415323484584292e+02
3.915380707811337970e+02
3.912570850410788807e+02
3.909987011660389840e+02
3.907615616691605283e+02
3.905457968080958153e+02
3.903507960096725355e+02
3.901759506355058420e+02
3.900213967485382227e+02
3.898857865404870608e+02
3.897692586005898647e+02
3.896719491654302487e+02
3.895917665645795296e+02
3.895303348428100207e+02
3.894855653481124591e+02
3.894568565163430662e+02
3.894450938118854424e+02
3.894489354943565900e+02
3.894685267366928656e+02
3.895025282290951054e+02
3.895510874641992700e+02
3.896128673430025628e+02
3.896887602968920987e+02
3.897774312251879110e+02
3.898782887836293298e+02
3.899907424983271653e+02
3.901149455502454657e+02
3.902503090549757303e+02
3.903955020128062188e+02
3.905506797639918091e+02
3.907152554338728692e+02
3.908886427179688212e+02
3.910702558317960893e+02
3.912602522953348512e+02
3.914573043769005949e+02
3.916615703815746201e+02
3.918724660937323279e+02
3.920901503938593464e+02
3.923125538642817105e+02
3.925398357441148391e+02
3.927728982028976361e+02
3.930089292729370527e+02
3.932488311407961419e+02
3.934920202420498185e+02
3.937379128699137709e+02
3.939859251124429989e+02
3.942354727883329701e+02
3.944867142163433869e+02
3.947390644782558979e+02
3.949911953505119300e+02
3.952432637395939423e+02
3.954954259409992119e+02
3.957456090619724591e+02
3.959954536283705693e+02
3.962421423250052044e+02
3.964873139406095675e+02
3.967296349414258998e+02
3.969677707344339410e+02
3.972026140949860178e+02
3.974335709138185848e+02
3.976600458801246987e+02
3.978814426767802956e+02
3.980979064637388660e+02
3.983088380389016265e+02
3.985143794306640075e+02
3.987131853159461343e+02
3.989053942841910043e+02
3.990904002571709839e+02
3.992690809201128559e+02
3.994393406389521601e+02
3.996020530694760851e+02
3.997558612428062474e+02
3.999008916730715555e+02
4.000372686219608909e+02
4.001643712005157454e+02
4.002823189783606495e+02
4.003897434203128114e+02
4.004867591707980523e+02
4.005742211658895258e+02
4.006500104080986944e+02
4.007157194344572417e+02
4.007699667571661166e+02
4.008121109976723915e+02
4.008437365187939463e+02
4.008627107097467501e+02
4.008691266347387341e+02
4.008638173344775169e+02
4.008453844607742553e+02
4.008139124294833096e+02
4.007694827313302426e+02
4.007114310807597235e+02
4.006398330727774351e+02
4.005540185025132018e+02
4.004540570276011522e+02
4.003392724930548070e+02
4.002112142687562937e+02
4.000684574039921699e+02
3.999110596394839945e+02
3.997390757412274525e+02
3.995525575062243888e+02
3.993515537698821731e+02
3.991353675798790164e+02
3.989040418764146239e+02
3.986568738334867135e+02
3.983953862112637125e+02
3.981173846889190031e+02
3.978236433934753791e+02
3.975149335737340266e+02
3.971890522744443501e+02
3.968482507009022129e+02
3.964910639623409452e+02
3.961182565093640164e+02
3.957298480643664220e+02
3.953251127203664623e+02
3.949040646236969110e+02
3.944674579859658365e+02
3.940145585901821619e+02
3.935453723062047402e+02
3.930599022652151575e+02
3.925588917033305734e+02
3.920415954641891290e+02
3.915080085107575201e+02
3.909588659311521042e+02
3.903934144385057152e+02
3.898131265502053679e+02
3.892172435810895763e+02
3.886057469862130347e+02
3.879793583629219711e+02
3.873380537824016301e+02
3.866818066259431248e+02
3.860105875859638900e+02
3.853243646669552618e+02
3.846238460215352575e+02
3.839082514466485350e+02
3.831790265603848979e+02
3.824346429590923435e+02
3.816765409006443974e+02
3.809046722983188147e+02
3.801182435609990193e+02
3.793186869397843566e+02
3.785052035258652836e+02
3.776784774353697571e+02
3.768384473158783976e+02
3.759857920301005834e+02
3.751197021666204705e+02
3.742415942331869587e+02
3.733513965022337402e+02
3.724482918691556392e+02
3.715336892183766508e+02
3.706075092770063861e+02
3.696689274815391286e+02
3.687193453525851510e+02
3.677586763573798407e+02
3.667860887854730549e+02
3.658029771325336128e+02
3.648085051369339453e+02
3.638040628396358329e+02
3.627888096267297442e+02
3.617641312951610644e+02
3.607291831009571297e+02
3.596853476834072580e+02
3.586325235124534743e+02
3.575706080659642225e+02
3.565002398801773325e+02
3.554220557851612625e+02
3.543359481422102135e+02
3.532418077530233518e+02
3.521402667704148826e+02
3.510312131052614859e+02
3.499152761746385636e+02
3.487923413107141641e+02
3.476630355103633860e+02
3.465272418450671239e+02
3.453855852110505680e+02
3.442386895742511115e+02
3.430864352149499155e+02
3.419294444769091115e+02
3.407675961756135052e+02
3.396015113455936216e+02
3.384310676464218659e+02
3.372568851073795031e+02
3.360795833654319154e+02
3.348982960663881272e+02
3.337136422742594846e+02
3.325269837033995941e+02
3.313374534433497729e+02
3.301456701965813068e+02
3.289522526686469064e+02
3.277578196258956496e+02
3.265615042806028896e+02
3.253654113537360786e+02
3.241686744447977730e+02
3.229719130894571322e+02
3.217750042994284740e+02
3.205785682749970533e+02
3.193832256100643008e+02
3.181881116598520407e+02
3.169945907515729573e+02
3.158017992077419080e+02
3.146111023878425499e+02
3.134223805429284653e+02
3.122355145137760815e+02
3.110518714275919478e+02
3.098705905482883054e+02
3.086922974759476119e+02
3.075176185002529792e+02
3.063471806233181951e+02
3.051793830769987608e+02
3.040163400252471320e+02
3.028571950710190777e+02
3.017025782215361573e+02
3.005531200393307358e+02
2.994079661970718007e+02
2.982684917439266883e+02
2.971345869554087926e+02
2.960068858645253158e+02
2.948845377840230526e+02
2.937689215102188314e+02
2.926591883430546659e+02
2.915574619630806978e+02
2.904614101146961502e+02
2.893731586616871141e+02
2.882926061090284406e+02
2.872196521467964203e+02
2.861541976908189326e+02
2.850961449251172439e+02
2.840468830161495930e+02
2.830063168185924951e+02
2.819736097578536373e+02
2.809501552191622409e+02
2.799358624228157169e+02
2.789298993108159834e+02
2.779336639396628925e+02
2.769463275238043138e+02
2.759692915001050437e+02
2.750017305725297661e+02
2.740443069424021587e+02
2.730969418585387416e+02
2.721595585073253005e+02
2.712320820673695607e+02
2.703159254335634500e+02
2.694102750950794984e+02
2.685150625274563936e+02
2.676302214081774196e+02
2.667564305006717973e+02
2.658943708664050973e+02
2.650424974048267472e+02
2.642022387412553144e+02
2.633727974218908230e+02
2.625548641264110756e+02
2.617483891974666221e+02
2.609540683422371217e+02
2.601711141556484677e+02
2.593994846503990175e+02
2.586398832784591377e+02
2.578922732789813494e+02
2.571566205276793653e+02
2.564328935475317053e+02
2.557210635158138530e+02
2.550218471024830933e+02
2.543337345341465721e+02
2.536581876484098075e+02
2.529944418282265133e+02
2.523432207618159566e+02
2.517037650883825677e+02
2.510768037208413261e+02
2.504615824853034667e+02
2.498580926028649571e+02
2.492678134986617238e+02
2.486892557632681928e+02
2.481224181321289279e+02
2.475680446177761667e+02
2.470253959701962003e+02
2.464944781457874967e+02
2.459760422699388869e+02
2.454693560934810819e+02
2.449744324584938227e+02
2.444912864234744063e+02
2.440206780582707324e+02
2.435611410638550183e+02
2.431134397425525719e+02
2.426775976184619594e+02
2.422528973986387086e+02
2.418408522752525300e+02
2.414392632085169055e+02
2.410489044062940991e+02
2.406705519497914452e+02
2.403027552558430102e+02
2.399462940561015785e+02
2.396012070277704993e+02
2.392667917663095238e+02
2.389423475950978286e+02
2.386294040471195785e+02
2.383265209983849786e+02
2.380344884936801009e+02
2.377526125539633881e+02
2.374809436658561026e+02
2.372195339328501404e+02
2.369676942282369509e+02
2.367254798547151609e+02
2.364929477003892373e+02
2.362701562311049770e+02
2.360571654839258144e+02
2.358525513915114686e+02
2.356571199524251199e+02
2.354709358867569904e+02
2.352933226321671327e+02
2.351243480100680756e+02
2.349633385515626571e+02
2.348103651630975151e+02
2.346662424908086564e+02
2.345295556826335428e+02
2.344003764483549901e+02
2.342787780118686669e+02
2.341648351013103593e+02
2.340578811023856929e+02
2.339579937147995565e+02
2.338652521014427634e+02
2.337789940352358826e+02
2.336993015485442129e+02
2.336262580748724815e+02
2.335584627527670420e+02
2.334974874070477711e+02
2.334419338367395653e+02
2.333911479553202355e+02
2.333467054228500217e+02
2.333072117598203192e+02
2.332720164782601557e+02
2.332426987047602438e+02
2.332171244503002470e+02
2.331961320726368285e+02
2.331798180455840850e+02
2.331667940657634404e+02
2.331579011670228567e+02
2.331532383173194489e+02
2.331514195185533538e+02
2.331525450796081316e+02
2.331567158775436894e+02
2.331632904523521006e+02
2.331731134405980299e+02
2.331848013279018801e+02
2.331991993860054606e+02
2.332156674241430210e+02
2.332335653854421764e+02
2.332537389434583304e+02
2.332748052539435548e+02
2.332976098925746840e+02
2.333215126083604503e+02
2.333458729234388045e+02
2.333715357343446613e+02
2.333978599048378726e+02
2.334242038708235611e+02
2.334499255773759501e+02
2.334766109231912878e+02
2.335021310222983573e+02
2.335280704989112905e+02
2.335530419196406626e+02
2.335763999190056666e+02
2.335997268229159545e+02
2.336208899250223112e+02
2.336414697832260572e+02
2.336600746269890863e+02
2.336767973739528372e+02
2.336917299426088448e+02
2.337049632246815918e+02
2.337158442255335729e+02
2.337237188775758909e+02
2.337294176915432615e+02
2.337322844003250850e+02
2.337324044505209883e+02
2.337291193212508347e+02
2.337225121852548284e+02
2.337119222318816298e+02
2.336981731669740441e+02
2.336806018691257236e+02
2.336585440574005190e+02
2.336335627951469860e+02
2.336035058093629289e+02
2.335699338410869927e+02
2.335314351306443257e+02
2.334888252633750483e+02
2.334421758299291696e+02
2.333900715912432418e+02
2.333333246530458496e+02
2.332720031243014489e+02
2.332046882796887530e+02
2.331321887309988199e+02
2.330545690819038214e+02
2.329711499212644128e+02
2.328819934847898310e+02
2.327879036448306067e+02
2.326874545581585494e+02
2.325807048269833786e+02
2.324684546477791116e+02
2.323500172879899139e+02
2.322254475708103598e+02
2.320940561827809177e+02
2.319566381544902924e+02
2.318125014941477104e+02
2.316616956644592733e+02
2.315035258826185895e+02
2.313387815937871039e+02
2.311675079329379514e+02
2.309890056904550590e+02
2.308040597816701620e+02
2.306119678702857243e+02
2.304120260012233246e+02
2.302057570679949094e+02
2.299924537645824500e+02
2.297721498875443160e+02
2.295441351124706557e+02
2.293091849145919809e+02
2.290665877392949596e+02
2.288163729873497800e+02
2.285585681455503959e+02
2.282939415888899077e+02
2.280210312093365701e+02
2.277413442318421062e+02
2.274534145071527860e+02
2.271587451674072327e+02
2.268558659239147914e+02
2.265462757280921551e+02
2.262285000749197081e+02
2.259032908348332285e+02
2.255713977385493649e+02
2.252313398651738510e+02
2.248838626488978036e+02
2.245297093738880676e+02
2.241673926726298021e+02
2.237983943779819924e+02
2.234219656883318237e+02
2.230373556864126101e+02
2.226460398614750318e+02
2.222472631195051065e+02
2.218417539818858586e+02
2.214280104368526167e+02
2.210074998141480762e+02
2.205794589720643728e+02
2.201446085073417862e+02
2.197029242872278871e+02
2.192543803237886095e+02
2.187989488151213209e+02
2.183366001882645264e+02
2.178673031435602354e+02
2.173925103702720776e+02
2.169099587479315687e+02
2.164210977438046086e+02
2.159266324504011720e+02
2.154250379632693466e+02
2.149170164389269360e+02
2.144025258022331855e+02
2.138815226283394395e+02
2.133547050238655061e+02
2.128220270020100315e+02
2.122826985265177768e+02
2.117381568943632715e+02
2.111876097666302314e+02
2.106310065479295872e+02
2.100690384238713762e+02
2.095009098914973151e+02
2.089273105464437492e+02
2.083481878500248854e+02
2.077634887525327372e+02
2.071731593065217965e+02
2.065778875265019963e+02
2.059768749063124460e+02
2.053715506145079530e+02
2.047603716673145300e+02
2.041455084599272141e+02
2.035254164303720188e+02
2.029015215869941073e+02
2.022730206738293077e+02
2.016405953547068179e+02
2.010034408807202624e+02
2.003629802716936297e+02
1.997184073113302247e+02
1.990704007267927977e+02
1.984181528524208318e+02
1.977630838082488935e+02
1.971036416580174375e+02
1.964419879275972391e+02
1.957765692581722590e+02
1.951080600903257789e+02
1.944378769985458746e+02
1.937637216865112180e+02
1.930877521788860349e+02
1.924091544788690271e+02
1.917285995876069080e+02
1.910460150100182943e+02
1.903605847674884899e+02
1.896737207526027760e+02
1.889846057356963627e+02
1.882939075588555511e+02
1.876015506519875657e+02
1.869082017263563955e+02
1.862137841304120798e+02
1.855174778780973668e+02
1.848206910196920774e+02
1.841233454998635466e+02
1.834253628632921789e+02
1.827266642925991107e+02
1.820279134835810169e+02
1.813282881825374488e+02
1.806291944058842489e+02
1.799298094764525047e+02
1.792300534118548967e+02
1.785305889744132060e+02
1.778313360525237385e+02
1.771329573834261453e+02
1.764346301019545535e+02
1.757370173276658818e+02
1.750400402920836029e+02
1.743443634877205852e+02
1.736491660268212058e+02
1.729558558726169224e+02
1.722628700500646914e+02
1.715716173815145282e+02
1.708820215313553774e+02
1.701932638949430157e+02
1.695067549914948302e+02
1.688216775054189611e+02
1.681387005114042381e+02
1.674577510176104056e+02
1.667787568470820929e+02
1.661016466821023130e+02
1.654270929413877980e+02
1.647550261498973612e+02
1.640853778112896180e+02
1.634180804428338547e+02
1.627538104427476640e+02
1.620917596147771178e+02
1.614333493702805526e+02
1.607777737423201074e+02
1.601257135823111355e+02
1.594771080737711202e+02
1.588318975835067874e+02
1.581900236751681632e+02
1.575514291202685797e+02
1.569168007417852380e+02
1.562860837503459948e+02
1.556584817482490735e+02
1.550354280715000925e+02
1.544161287796643762e+02
1.538012768292186365e+02
1.531900807300700933e+02
1.525832358808467291e+02
1.519814388927912319e+02
1.513831590775743905e+02
1.507898382844952323e+02
1.502014338816878762e+02
1.496171615820309171e+02
1.490377239388278099e+02
1.484630818312496672e+02
1.478924544549517748e+02
1.473272906530689283e+02
1.467675547324381569e+02
1.462124692905868244e+02
1.456620008785152720e+02
1.451168599943405866e+02
1.445770154079311851e+02
1.440424366209094558e+02
1.435130927511605137e+02
1.429889536438636242e+02
1.424707330772351668e+02
1.419576602587750358e+02
1.414497083331664271e+02
1.409475943866235070e+02
1.404505509476895213e+02
1.399592973347206453e+02
1.394738111596744830e+02
1.389933283384061440e+02
1.385185716074068409e+02
1.380495220316824430e+02
1.375861618539273650e+02
1.371277316747371344e+02
1.366757018089138853e+02
1.362293152923585069e+02
1.357885592399065615e+02
1.353526791935565541e+02
1.349231504812305218e+02
1.344992212255008894e+02
1.340808837026112030e+02
1.336688743612660062e+02
1.332617025010117402e+02
1.328608501354048315e+02
1.324648293291391496e+02
1.320751248947320846e+02
1.316909945628212597e+02
1.313116975015297214e+02
1.309387228344892549e+02
1.305713326421417264e+02
1.302095333116503468e+02
1.298525898748850409e+02
1.295019973546590961e+02
1.291562809236803275e+02
1.288169385867675487e+02
1.284824985004739517e+02
1.281537188158197011e+02
1.278298734984049929e+02
1.275124664964120598e+02
1.271992890508963683e+02
1.268918480341336021e+02
1.265901660901532040e+02
1.262935244531067269e+02
1.260019485983333141e+02
1.257154653860757492e+02
1.254341030380145980e+02
1.251578911116777135e+02
1.248868604728200182e+02
1.246210432658824914e+02
1.243604725379707645e+02
1.241044383367813850e+02
1.238529743801459091e+02
1.236068583647875130e+02
1.233646405890767284e+02
1.231278437600024773e+02
1.228957631089033384e+02
1.226684376917561252e+02
1.224451646787717465e+02
1.222267278187502484e+02
1.220131688930961644e+02
1.218037876748938402e+02
1.215978847231652651e+02
1.213969898475038036e+02
1.212004050579712100e+02
1.210081758658908910e+02
1.208196055752852232e+02
1.206347409153490275e+02
1.204543720039397385e+02
1.202778038071800069e+02
1.201050846105081575e+02
1.199362631510232404e+02
1.197713885863355898e+02
1.196097676299445709e+02
1.194514501933022359e+02
1.192972293594823867e+02
1.191456700184362205e+02
1.189975658542005164e+02
1.188529679835614985e+02
1.187119277715370202e+02
1.185737539784776402e+02
1.184384984138722245e+02
1.183054702516312204e+02
1.181762073570339595e+02
1.180492764298381587e+02
1.179254728390892808e+02
1.178041064388827124e+02
1.176852300654706482e+02
1.175688966952981218e+02
1.174551594389696021e+02
1.173433287009662109e+02
1.172342006801024183e+02
1.171270860253077473e+02
1.170220383369396018e+02
1.169191113282071939e+02
1.168176159866600727e+02
1.167183490756951443e+02
1.166206217906624403e+02
1.165252310948025780e+02
1.164307455394523600e+02
1.163379621352564044e+02
1.162469346051030783e+02
1.161562309430175759e+02
1.160681333849948800e+02
1.159804672146470210e+02
1.158940291031725280e+02
1.158088729226638520e+02
1.157243097331778330e+02
1.156403934384323833e+02
1.155579207699782529e+02
1.154762027647830251e+02
1.153945504164015148e+02
1.153137603245950231e+02
1.152338861682750348e+02
1.151542386819841681e+02
1.150748713009170814e+02
1.149958372993940543e+02
1.149171897629405095e+02
1.148382387239858105e+02
1.147597796363823619e+02
1.146811220035575190e+02
1.146023178507459335e+02
1.145241616911602307e+02
1.144452191511921058e+02
1.143662839451199460e+02
1.142866636639300424e+02
1.142071510788924087e+02
1.141270527646105393e+02
1.140471604020959404e+02
1.139660365665955624e+02
1.138844717008284135e+02
1.138025127382638715e+02
1.137202059019746230e+02
1.136368538340457661e+02
1.135525012308208233e+02
1.134671919739860471e+02
1.133817119327662937e+02
1.132946175922001544e+02
1.132066930330060757e+02
1.131179785626687675e+02
1.130277706882174868e+02
1.129368505957837527e+02
1.128445127867911992e+02
1.127507935612199503e+02
1.126557281627517000e+02
1.125600935960147524e+02
1.124624372708119466e+02
1.123635339987501141e+02
1.122626718067782718e+02
1.121606232681526052e+02
1.120574171664517422e+02
1.119523390189013554e+02
1.118454162158159164e+02
1.117366750091422603e+02
1.116268833491645722e+02
1.115145795481153073e+02
1.114012721310194536e+02
1.112854971630357142e+02
1.111687609389740317e+02
1.110495973140812822e+02
1.109287675617530482e+02
1.108055462123705723e+02
1.106806924086530870e+02
1.105534785819587569e+02
1.104246618097860022e+02
1.102942553289477274e+02
1.101607857194851903e+02
1.100257499342864520e+02
1.098891583087727781e+02
1.097495345809388851e+02
1.096083729215860814e+02
1.094649381091114435e+02
1.093199797243211862e+02
1.091720179945634612e+02
1.090225436575828866e+02
1.088708181343042583e+02
1.087161020510103668e+02
1.085598837605375309e+02
1.084014223471470473e+02
1.082414618154653425e+02
1.080785169278724993e+02
1.079133302257802427e+02
1.077459006992034887e+02
1.075762266299420702e+02
1.074050484332041293e+02
1.072308773225155250e+02
1.070544523232748872e+02
1.068765117694783555e+02
1.066963076338773817e+02
1.065130911966739262e+02
1.063283415477199725e+02
1.061420514070552059e+02
1.059527271191781779e+02
1.057618456561617961e+02
1.055686547642362285e+02
1.053738871295750101e+02
1.051767890278809858e+02
1.049773488183057992e+02
1.047762969315954109e+02
1.045728773526136592e+02
1.043670763221445270e+02
1.041603657874558024e+02
1.039505029155130416e+02
1.037397010558011203e+02
1.035264585424156536e+02
1.033115013621113860e+02
1.030948118027118454e+02
1.028756284424586198e+02
1.026554174804741706e+02
1.024326728831344298e+02
1.022088590571658955e+02
1.019824681638495747e+02
1.017549627952816707e+02
1.015255761270554160e+02
1.012942832581427126e+02
1.010618012127176542e+02
1.008273604390501106e+02
1.005916761558091821e+02
1.003539770204756536e+02
1.001157193153475191e+02
9.987538711565555616e+01
9.963369215046390082e+01
9.939134531576409870e+01
9.914682819000188374e+01
9.890159290225926725e+01
9.865486231244589987e+01
9.840660137906120042e+01
9.815751718907095835e+01
9.790757331985001599e+01
9.765598987317605406e+01
9.740347201616837935e+01
9.714998151380059710e+01
9.689547960307670849e+01
9.664066986859698716e+01
9.638402694420281591e+01
9.612699640090445996e+01
9.586879494526064605e+01
9.561012463864639699e+01
9.535020160166416758e+01
9.508972739889853187e+01
9.482866057841155794e+01
9.456695955102510709e+01
9.430383979901094449e+01
9.404074525913766536e+01
9.377763418950198115e+01
9.351297921027740756e+01
9.324896718822181185e+01
9.298407092414336717e+01
9.271824903398638185e+01
9.245294598276024090e+01
9.218663529999875550e+01
9.192076287092753262e+01
9.165380370186149150e+01
9.138720443111772340e+01
9.112018350575019099e+01
9.085344537588362357e+01
9.058695200609327003e+01
9.031992288907441946e+01
9.005232072656674802e+01
8.978559427247073188e+01
8.951896416306593096e+01
8.925165142473761648e+01
8.898584881411530034e+01
8.871929246534784852e+01
8.845343307051109605e+01
8.818749319228889760e+01
8.792218142988726015e+01
8.765746390283436540e+01
8.739330707316122471e+01
8.712893489602237196e+01
8.686580014415532958e+01
8.660312738103890240e+01
8.634088428349602395e+01
8.607903878861941394e+01
8.581830191045524714e+01
8.555789921655835428e+01
8.529854214995974360e+01
8.504019950646173243e+01
8.478284025279884872e+01
8.452569067577186956e+01
8.427020570778171304e+01
8.401561190362960474e+01
8.376187876931382448e+01
8.350897591766531036e+01
8.325761589619862946e+01
8.300776851223737651e+01
8.275866083060441269e+01
8.251100567904613570e+01
8.226403031126314147e+01
8.201844775302109269e+01
8.177497114106546405e+01
8.153208523001440255e+01
8.129050341750088648e+01
8.105056783959780375e+01
8.081195225780854230e+01
8.057485061903673795e+01
8.033915996383134939e+01
8.010500044040627188e+01
7.987226963571829685e+01
7.964108831100098485e+01
7.941142885276860852e+01
7.918333765738613295e+01
7.895678710935705169e+01
7.873182435868044138e+01
7.850849708072851740e+01
7.828670495360171344e+01
7.806664540418307752e+01
7.784821938552427412e+01
