       2.0     225.9000      132.4000      533.1000              
       3.0     936.9000      450.5000     1212.3000              
       4.0     692.2000      294.1000      666.5000              
       5.0    1501.7000      574.4000     1155.8000              
       6.0     557.6000      201.2000      375.8000              
       7.0    1152.6000      381.6000      670.8000              
       8.0     615.8000      192.0000      323.4000              
       9.0     697.8000      214.6000      349.6000              
      10.0     803.7000      232.8000      367.9000              
      11.0     869.6000      240.3000      371.0000              
      12.0     764.1000      205.0000      310.6000              
      13.0     599.0000      158.6000      235.6000              
      14.0     808.1000      199.4000      290.8000              
      15.0    1022.1000      243.5000      349.7000              
      16.0     621.3000      151.0000      215.8000              
      17.0    1035.4000      236.2000      332.1000              
      18.0     674.6000      156.3000      216.9000              
      19.0     951.6000      211.6000      291.0000              
      20.0     659.9000      144.8000      197.6000              
      21.0     601.9000      136.1000      185.3000              
      22.0     605.3000      131.7000      177.0000              
      23.0     748.5000      155.9000      208.7000              
      24.0     850.5000      175.6000      233.2000              
      25.0     814.3000      169.4000      224.3000              
      26.0     823.8000      164.4000      215.4000              
      27.0    1004.0000      190.3000      247.9000              
      28.0    1149.9000      215.1000      279.1000              
      29.0     979.6000      183.1000      236.7000              
      47.7    1479.3000       50.8000       50.8000              
      76.5    2035.0000       54.7000       54.7000              
     105.9    2955.3999       65.0000       65.0000              
     135.6    3869.5000       76.9000       76.9000              
     165.4    4889.5000       86.6000       86.6000              
     195.3    5464.1001       90.6000       90.6000              
     225.2    5793.3999       87.1000       87.1000              
     255.1    5372.8999       76.9000       76.9000              
     285.0    4627.7002       62.5000       62.5000              
     315.0    3604.2000       47.2000       47.2000              
     344.9    2631.2000       33.9000       33.9000              
     374.9    2033.1000       24.8000       24.8000              
     404.9    1753.4000       20.7000       20.7000              
     434.8    1787.6000       20.7000       20.7000              
     464.8    2162.0000       22.8000       22.8000              
     494.8    2422.1001       25.0000       25.0000              
     524.8    2573.5000       25.9000       25.9000              
     554.8    2546.3000       25.1000       25.1000              
     584.8    2360.6001       22.7000       22.7000              
     614.7    2095.3999       19.9000       19.9000              
     644.7    1884.7000       17.5000       17.5000              
     674.7    1813.2000       16.4000       16.4000              
     704.7    1883.2000       16.8000       16.8000              
     734.7    2097.1001       18.2000       18.2000              
     764.7    2318.7000       19.7000       19.7000              
     794.7    2464.6001       20.7000       20.7000              
     824.7    2521.8999       20.5000       20.5000              
     854.7    2394.1001       19.0000       19.0000              
     884.7    2083.3000       16.6000       16.6000              
     914.7    1740.7000       13.7000       13.7000              
     944.7    1418.7000       11.1000       11.1000              
     974.7    1173.0000        9.3000        9.3000              
    1004.6    1062.4000        8.4000        8.4000              
    1034.6    1047.9000        8.3000        8.3000              
    1064.6    1132.4000        8.7000        8.7000              
    1094.6    1211.0000        9.1000        9.1000              
    1124.6    1231.9000        9.3000        9.3000              
    1154.6    1205.8000        9.0000        9.0000              
    1184.6    1117.9000        8.3000        8.3000              
    1214.6     968.4000        7.5000        7.5000              
    1244.6     864.4000        6.6000        6.6000              
    1274.6     761.6000        6.0000        6.0000              
    1304.6     732.3000        5.7000        5.7000              
    1334.6     737.3000        5.7000        5.7000              
    1364.6     774.9000        5.9000        5.9000              
    1394.6     806.6000        6.2000        6.2000              
    1424.6     809.1000        6.3000        6.3000              
    1454.6     777.8000        6.1000        6.1000              
    1484.6     728.9000        5.7000        5.7000              
    1514.6     648.3000        5.2000        5.2000              
    1544.6     551.3000        4.7000        4.7000              
    1574.6     476.6000        4.3000        4.3000              
    1604.6     419.5000        4.0000        4.0000              
    1634.6     395.2000        4.0000        4.0000              
    1664.6     391.7000        4.0000        4.0000              
    1694.6     392.9000        4.2000        4.2000              
    1724.6     397.7000        4.3000        4.3000              
    1754.6     383.0000        4.4000        4.4000              
    1784.6     375.4000        4.5000        4.5000              
    1814.6     340.1000        4.5000        4.5000              
    1844.6     307.5000        4.5000        4.5000              
    1874.6     273.9000        4.5000        4.5000              
    1904.6     249.8000        4.6000        4.6000              
    1934.6     244.2000        4.8000        4.8000              
    1964.6     231.9000        5.0000        5.0000              
    1994.6     234.7000        5.4000        5.4000              
    2024.6     231.7000        5.9000        5.9000              
    2054.6     219.7000        6.2000        6.2000              
    2084.6     214.3000        6.5000        6.5000              
    2114.6     196.7000        6.9000        6.9000              
    2144.6     176.4000        7.2000        7.2000              
    2174.6     152.2000        7.6000        7.6000              
    2204.6     138.7000        8.1000        8.1000              
    2234.6     121.5000        8.6000        8.6000              
    2264.6     116.2000        9.3000        9.3000              
    2294.6     117.8000        9.9000        9.9000              
    2324.6     116.1000       10.7000       10.7000              
    2354.6     109.7000       11.5000       11.5000              
    2384.6     120.4000       12.4000       12.4000              
    2414.6      90.5000       13.3000       13.3000              
    2444.6     103.1000       14.4000       14.4000              
    2474.6      73.7000       15.5000       15.5000              
    2499.0      61.3000       20.9000       20.9000              
